list(
y = c(
0.1066,0.8661,0.7035,0.7991,-2.011,
2.813,-1.359,0.363,0.1905,-0.5202,
0.8628,0.948,0.1657,0.6871,-0.6938,
0.1843,2.091,1.082,-0.09287,0.588,
0.0405,1.139,-1.165,-0.6026,-0.02352,
0.1522,-0.9816,0.09775,-0.001062,0.3764,
0.1346,1.895,1.219,0.8837,1.703,
0.6428,3.204,0.6588,-0.8579,-0.4053,
0.3837,0.01127,0.2548,-0.5348,1.285,
-1.27,0.006928,-1.238,-0.6133,-1.802,
-0.7603,-0.6642,0.0125,-0.05501,-1.153,
-2.135,0.4445,0.3151,-1.009,0.5771,
0.592,0.6274,2.191,0.04667,-1.324,
0.6635,-0.3236,0.1301,-0.3554,1.237,
-0.4573,-0.5855,-0.4756,-0.3945,0.04535,
1.523,0.0214,0.1024,-0.822,-0.9134,
-0.01161,0.5692,-0.04578,-0.3043,-0.03964,
1.976,0.3022,0.4655,1.342,0.03032,
-1.381,-0.8225,1.469,1.421,1.047,
0.8781,0.4424,-0.4055,-1.634,0.5176,
0.2711,1.278,-1.427,-0.05981,0.3262,
-0.6926,0.4871,0.5814,-0.6617,-0.1846,
0.1683,-0.007235,0.1944,0.176,2.28,
-1.375,-0.762,-0.3381,-0.5395,-0.1034,
1.865,-0.6421,1.17,-1.326,-0.9996,
-0.626,0.2089,-0.6615,-0.6976,-0.9302,
-0.758,1.466,0.128,0.2648,-0.4195,
0.05393,0.9713,1.711,0.8342,-0.286,
1.13,-2.091,1.469,1.422,-0.1309,
1.362,-0.9781,-1.219,1.672,-2.128,
1.061,1.376,1.933,0.8376,-0.3603,
-0.2871,-1.938,0.5362,0.2064,0.2885,
-0.7323,-0.7618,-0.7491,-1.287,-0.4277,
-0.8521,0.4584,0.6595,1.046,-0.6204,
1.481,-2.137,0.3927,1.55,1.561,
-0.2682,-0.71,0.2057,1.093,-0.6569,
-1.06,-0.1334,1.171,-1.103,0.3333,
1.235,0.1957,0.04341,0.7193,0.05626,
2.349,-1.46,1.23,-1.429,-0.325,
-1.04,-0.4115,-0.01033,-0.01472,-0.484,
0.3153,1.963,-0.7155,-1.679,1.33,
1.264,-0.8434,-0.2548,-0.1184,0.6963,
0.5587,-0.7006,-0.06355,-1.136,-0.4292,
-1.199,-0.6294,-1.483,-0.9161,0.2579,
-0.3971,-1.655,0.1233,0.2766,0.07475,
-0.0345,1.103,0.2316,0.9641,-0.327,
-0.7023,0.3218,0.79,-0.6979,1.344,
0.637,0.4919,1.428,-1.631,-0.0941,
-0.6038,-2.156,1.661,0.212,1.829,
-0.2771,0.383,1.621,-1.011,0.6259,
0.4122,0.1199,-2.393,0.517,0.6831,
-1.316,-0.927,-2.073,-0.6073,-1.548,
1.047,0.6631,0.8875,-0.2041,0.2228,
0.01314,-1.176,-0.3463,0.08518,-0.2822,
0.1201,0.8949,-0.948,-1.762,-0.08441,
0.2426,0.4673,-0.5878,0.7915,0.3485,
-1.685,0.0616,0.03984,1.157,0.6415,
0.4908,0.04124,-1.166,-0.6854,-0.653,
-0.8324,-1.088,-1.498,-0.8408,-0.1387,
0.2958,1.096,0.3053,0.3189,0.4416,
0.283,-1.085,0.02705,-2.762,0.145,
-1.749,0.8266,-0.6105,-0.5638,0.77,
0.9448,-0.2744,0.4664,0.7773,0.06521,
-1.228,1.043,0.08682,0.8856,0.665,
0.924,0.04036,0.09237,-1.246,0.8001,
-0.6395,-1.596,-0.1387,1.403,-0.1431,
-0.1614,0.8085,0.08173,0.9569,1.51,
-0.233,-0.3143,0.4979,-1.464,0.9512,
-0.04333,0.4831,0.0918,2.373,1.952,
1.13,-0.847,-0.2959,1.425,-0.8041,
-0.05184,0.7802,-1.829,-0.4374,0.7616,
0.7948,0.01641,0.08329,-1.046,0.4566,
-0.7233,-0.5637,-0.07571,0.4927,-0.4045,
1.271,-0.252,0.8215,-1.716,-0.4112,
1.223,0.8112,1.427,-0.3251,-1.999,
-0.7781,0.289,1.322,-0.1136,-0.3749,
0.6758,-1.673,-1.9,0.8253,0.1741,
-1.144,0.5208,-2.433,-0.994,0.1785,
0.09376,1.555,-0.6931,-0.9955,-0.4226,
0.5211,1.177,0.5176,0.5762,-0.4324,
-0.1495,0.03745,-0.4641,0.04148,1.503,
0.4395,0.2149,1.126,-0.6581,1.124,
-1.045,-0.8671,0.1682,0.3379,0.5945,
-1.994,-0.2761,0.1043,-0.9147,-0.769,
1.452,-0.4753,0.259,-0.3297,0.4162,
-0.258,0.8554,-0.03802,1.031,1.648,
-0.1257,0.409,0.4725,0.4183,0.6933,
0.01855,1.113,-0.4861,-0.8209,1.179,
1.028,-2.209,-0.4877,-1.078,-2.106,
-0.9495,0.8366,1.001,0.3804,-0.6794,
0.5955,0.1301,-0.2257,-1.676,0.3525,
-0.5518,0.7075,-1.903,2.535,-0.6273,
0.8234,0.5873,-1.06,0.194,0.1435,
0.3564,0.1922,-0.2264,0.0116,-1.687,
0.1826,0.651,1.204,1.487,-1.875,
-0.9795,-1.421,-1.005,-0.06889,-0.675,
1.302,0.8703,-0.919,0.203,0.9641,
-1.324,1.485,-1.205,0.5176,1.148,
-0.9826,0.7954,0.2755,-0.04592,-0.1196,
-1.011,-0.5441,-0.2643,-0.6844,1.459,
1.182,2.425,-0.2289,0.5778,0.03438,
3.598,-0.1141,-1.336,0.08626,0.5258,
0.2947,-0.2243,-0.2058,-0.6263,1.003,
-0.5827,-0.1133,-0.1111,0.07119,0.6668,
0.9124,1.439,1.031,0.9138,-0.4945,
-0.2313,0.4539,-0.5554,-0.04671,1.031,
-1.218,-0.8151,-0.3285,0.2777,0.9377,
1.872,0.8436,0.649,-0.6047,-1.54,
-0.4881,0.2487,-0.3191,0.06421,0.727,
-1.587,0.3205,2.6,-1.034,0.429,
0.9083,-0.4661,0.5256,1.899,-0.9352,
1.391,0.7512,2.15,-0.3406,-0.77,
0.3445,-0.1588,-1.513,-0.6489,0.4879,
-2.011,1.166,-1.37,0.143,-0.1683,
0.1192,0.6881,1.249,0.262,-0.3269,
0.5874,0.5394,-0.1346,0.5934,-0.5355,
0.4884,0.1113,-0.6978,0.1546,0.8343,
-1.247,-1.119,1.373,-0.311,0.2083,
-0.07033,-0.933,1.183,0.5976,-0.1275,
-1.069,0.4473,-0.1674,2.993,1.252,
0.2714,-1.084,-2.07,-1.135,1.887,
0.9639,1.099,-0.8142,-1.915,0.1786,
0.9589,-0.1194,-0.9055,-1.41,0.5633,
1.119,-0.04705,-0.4529,0.8206,-0.8042,
-1.4,0.07219,0.9572,-0.006072,0.6456,
-0.6828,0.6564,-0.2299,-0.995,0.009353,
-1.103,-1.236,-0.1053,-0.05339,-2.189,
0.09041,-0.2718,-1.323,-0.2793,-0.7293,
1.013,-1.204,-0.2048,1.032,0.4871,
2.157,-1.446,0.5532,-0.3581,-0.3608,
-0.1416,-1.322,-0.5037,-0.6445,1.475,
0.1653,-0.1485,1.148,-0.1209,1.515,
1.196,-0.3591,1.366,2.01,0.302,
-0.2441,-1.959,1.071,0.524,0.6746,
-1.111,1.188,-0.1209,-1.24,0.604,
-1.75,0.2826,0.102,0.1802,0.4908,
1.022,0.5601,-0.07231,-1.65,-0.9227,
1.207,-1.879,2.061,-1.748,-0.478,
-2.022,-0.3702,-1.658,0.1522,0.8626,
-0.05766,1.115,0.5763,0.3793,-0.7094,
-2.148,0.7635,0.09624,-0.2012,-1.001,
-0.01125,1.368,0.08343,-1.073,0.4638,
-1.117,2.339,1.312,0.4437,2.078,
1.932,0.02942,-0.748,-0.05907,-0.8748,
-1.038,1.298,-0.7907,-0.1632,1.165,
0.3172,-0.1403,-0.1515,-0.6567,-0.7022,
0.06629,-0.2809,-0.4633,1.157,-0.4437,
0.9728,-1.186,0.05012,0.1205,-1.218,
1.394,0.5832,0.345,-0.6436,1.09,
-0.749,0.1728,0.551,-1.143,1.935,
-0.7188,-1.313,-2.797,1.799,-0.7735,
-0.1952,1.043,-1.795,-1.268,-0.6039,
0.9146,-0.156,0.6093,0.2323,-0.6176,
-0.6865,0.535,-0.3802,-1.837,-0.4167,
0.2792,2.122,0.5631,-0.1387,0.2631,
-1.969,0.006405,-0.633,0.4442,-0.4795,
-2.338,0.1655,0.8519,-0.7243,-0.0688,
0.3189,1.543,1.155,0.1379,0.4789,
-0.2258,-1.193,0.09153,0.8553,-0.6059,
-0.7467,0.03635,-0.7627,-1.689,-1.247,
0.0668,-0.6463,0.5592,0.1474,-0.09636,
-1.242,-0.3937,-0.2433,-0.788,-0.01623,
-1.108,-0.9324,2.265,0.6487,1.426,
-0.8138,1.681,0.09338,0.6746,0.1162,
-0.3223,1.071,-0.2985,-0.5583,-0.1083,
-1.114,-0.5066,-0.8742,1.402,0.3444,
0.434,0.2104,-0.8647,1.55,-0.7205,
0.5305,-0.6556,1.398,0.7907,-1.315,
-0.6295,0.2684,-1.662,-0.2728,1.051,
0.08202,0.07356,0.5046,-2.228,-0.3649,
-1.05,0.6147,1.041,-0.05846,0.142,
0.5033,-1.852,-0.03863,-0.4193,0.05777,
0.06674,0.4207,-0.2955,0.6502,-1.205,
0.01438,-0.2267,-0.5892,-0.5228,-0.2054,
-1.326,0.8163,-0.2451,-2.058,0.07954,
-0.4504,0.9567,-0.5169,-0.3514,1.211,
0.1317,-0.06428,-2.096,0.3683,-1.63,
-1.117,-0.8627,0.824,0.6503,-2.099,
2.445,-1.233,-0.1491,-2.016,-1.328,
0.2325,-0.5614,-1.899,-0.2225,-0.9988,
-0.6763,-0.7939,-0.3546,-0.3722,2.269,
-1.008,-0.09107,0.6307,1.778,0.6841,
1.486,-0.07371,0.3721,-0.1936,-0.7561,
0.6755,1.769,-1.529,0.398,-0.8853,
-0.3577,0.09003,0.6723,0.3103,-0.8916,
1.565,1.037,0.1264,1.619,1.44,
0.9586,-0.5301,-0.01878,0.6581,0.0518,
-1.353,-0.2462,1.149,-0.4495,-1.824,
-0.7913,0.1981,0.3659,1.963,-0.04377,
-0.9578,0.458,-0.9585,-0.6711,-1.797,
0.2453,1.063,0.6271,0.4489,-0.5254,
-0.9648,1.376,-0.4833,1.944,-0.2975,
-0.5446,1.391,0.1282,0.7877,-1.184,
-0.3352,1.235,-0.5824,-1.286,0.1002,
-0.7216,-0.44,-0.7379,-1.169,0.8854,
0.2985,1.352,-1.462,1.419,1.062,
0.1994,0.1725,-0.7202,0.4275,0.1689,
1.649,-1.036,0.7966,0.4731,-0.8111,
0.8344,-0.1491,1.673,-0.9922,0.2274,
1.578,-0.2629,0.09835,1.876,1.275))
