list(
y = c(
0.2479,-0.4778,1.172,0.5364,-0.6955,
2.956,-1.974,0.1518,2.78,-1.523,
0.5,-0.8544,0.1777,0.7049,0.1777,
-0.08428,-0.2902,-0.4376,-0.4747,-0.06593,
-0.9227,0.5551,1.158,-0.07561,-0.9224,
-0.3653,-0.7994,0.4121,-1.486,2.33,
0.2722,1.034,-0.4717,0.2055,-0.9296,
1.542,2.011,0.5806,0.1869,-2.5,
2.797,-0.2628,-0.8304,0.6832,-0.3255,
0.5143,0.6794,1.277,-0.434,-0.07046,
1.597,0.7006,0.7028,-1.382,0.03795,
0.1781,-1.936,-1.02,1.456,1.007,
0.633,1.146,2.366,-0.3701,0.748,
0.8633,2.286,0.07713,-1.136,0.6219,
-0.8384,-0.03637,1.032,-2.183,1.517,
1.089,-1.118,1.055,-1.761,-1.165,
0.4222,-0.05333,-0.1474,0.2231,1.61,
0.358,-0.4355,-0.4043,0.628,-0.0313,
1.464,-1.01,-1.303,-0.9951,-0.4112,
-1.397,1.205,2.908,-1.44,0.01347,
0.5252,-1.506,-1.79,0.3795,-0.2773,
0.03273,0.4728,1.4,1.183,1.694,
-0.03296,1.537,-0.3993,0.7425,-0.8893,
-0.654,-0.3782,-0.5199,-0.0456,0.4831,
-0.08198,0.7396,-0.03641,1.065,0.0252,
-0.3233,-0.5604,-0.4433,-0.1889,2.091,
0.6148,0.2501,-0.4106,0.8168,0.7176,
-2.526,-1.385,-1.676,0.4797,0.9665,
2.107,-0.2743,0.3592,-0.9871,0.9913,
-1.803,-0.4852,-0.5535,-0.2542,0.03664,
-1.851,-1.088,-0.5416,0.7346,-0.7535,
-0.4598,0.1881,-1.392,0.6249,-0.04395,
-0.5223,0.3456,-0.1664,-3.346,-1.344,
-1.177,-1.194,-0.885,-0.9264,0.2115,
1.707,2.057,-1.273,0.4168,-0.8603,
0.4627,0.1064,-0.07155,0.4007,0.2276,
1.729,-1.935,0.3814,-0.2239,0.8546,
1.457,0.2829,-0.2175,-0.4857,-0.5448,
0.6789,0.6998,0.9824,0.1334,-0.147,
-0.5725,-1.297,0.01771,-1.074,-0.7641,
-1.198,-0.3576,1.316,-1.177,1.287,
0.2481,0.7025,-0.5197,0.1863,-0.1212,
-2.326,-1.468,0.00813,-1.501,-0.657,
-0.2416,-0.02076,-0.8587,-0.4247,-0.5278,
2.095,-0.5085,-1.198,-0.2743,1.969,
-0.09768,-0.02458,-0.693,1.27,0.08476,
-0.6226,0.3986,0.971,-1.637,-2.2,
-0.1545,2.019,-0.2255,-0.337,-0.02201,
-0.7851,-1.441,-1.948,0.1089,0.1582,
-1.696,0.4878,0.1699,-0.4087,0.1911,
1.361,0.1288,-1.458,-1.046,-1.423,
0.5007,-0.05216,0.7683,0.792,-0.6064,
0.867,0.2437,-1.086,-0.4018,0.3311,
-0.02481,-0.8228,-1.398,1.053,-1.102,
-0.4085,-0.4641,-0.1174,0.5719,-1.69,
-0.4049,-0.007099,0.5391,-1.167,1.665,
-0.257,0.403,1.196,0.3178,0.2849,
-0.5985,0.07906,0.5197,-1.014,-0.6597,
-2.583,-0.1024,-1.234,0.5722,1.332,
-0.6423,-0.1178,-0.4144,0.6443,-0.6609,
0.04786,1.224,0.4232,-0.8404,0.008886,
0.5588,-0.1062,-0.5395,1.114,-1.112,
-1.153,-0.689,0.04054,-1.967,-1.195,
-0.9034,-0.5541,1.211,-0.8138,-0.1398,
-1.488,1.266,0.1313,0.389,-0.8892,
0.1919,1.447,0.8113,-0.5342,-0.428,
-2.347,-0.6746,-0.1324,-0.4197,-1.308,
-0.2815,1.387,-1.26,-1.445,-0.3239,
0.04806,1.476,-0.9584,-0.9253,-0.1776,
-0.07787,-0.6328,-0.4809,-0.7199,-0.5039,
-1.691,1.319,1.57,0.07951,-0.1391,
-0.5929,0.07883,0.3137,1.086,0.6708,
-0.3594,-0.7958,-0.7554,0.2516,1.593,
0.4413,-1.426,-0.3288,1.19,-1.004,
-0.2,-0.2869,-0.7883,-0.01429,-0.6863,
-0.1422,0.3899,-1.081,1.106,-0.05978,
-1.553,-0.03322,-0.4014,1.413,1.385,
0.1235,-1.09,0.6095,-0.6415,0.3596,
-0.4357,-1.109,0.8257,-1.912,-2.359,
-0.4306,0.7347,-1.795,-0.8679,-1.848,
0.2546,-0.3899,0.9574,0.2919,0.3674,
0.9106,-0.3217,-0.6962,-1.294,0.7532,
-0.1209,-0.891,-0.3375,0.2192,1.132,
0.2999,-0.1457,-0.6419,0.107,0.3928,
-1.856,0.6012,0.9968,-0.3514,-1.667,
0.5032,0.1958,-0.01664,-0.04088,0.2064,
-1.762,-1.249,1.291,0.7694,-0.9059,
-0.505,-0.6677,0.1671,0.13,-0.3789,
0.8076,0.5084,0.9853,0.5158,-1.392,
-1.768,-2.181,0.977,-0.7507,-0.1149,
0.2774,-1.993,0.1565,-1.284,0.4559,
-1.001,1.322,2.425,-0.6753,-0.4622,
-0.3663,-0.3275,-0.708,-0.07913,-1.715,
-1.102,1.028,0.6945,0.3152,1.259,
1.428,0.7617,0.5414,0.7581,-1.741,
1.182,-0.8564,1.816,-0.6074,1.227,
1.315,1.95,0.06901,1.418,0.361,
0.6387,-2.308,-0.4966,-1.029,-1.645,
0.06268,1.684,-2.41,-0.9936,-1.201,
1.396,-0.3641,0.02699,-0.1382,0.4497,
0.6535,1.556,0.3601,0.8929,-0.6611,
-1.426,2.057,0.7157,0.1255,1.491,
-0.6198,-0.1736,-0.476,-1.138,-1.225,
0.2821,-0.4283,0.9771,1.11,-1.04,
-0.2689,-1.012,-0.7315,-1.138,-0.9126,
0.3853,-0.8438,-0.3513,-0.05006,0.204,
-0.196,-0.9337,3.145,-0.7495,0.1216,
0.9939,0.7196,1.46,-0.7216,0.4672,
0.7755,1.336,0.4666,1.226,-1.022,
-0.84,0.02391,-0.2817,0.105,1.27,
-1.594,0.1125,0.5578,-0.2102,0.9136,
0.4305,-1.518,0.05946,-0.6488,-0.6743,
-2.012,1.32,-0.246,-0.02127,1.722,
-2.287,0.1991,0.2321,0.1479,-1.119,
0.4035,0.4604,-0.8494,-0.06202,-0.8244,
-0.1403,-0.2485,1.969,-0.661,0.1242,
-0.3679,-1.323,-0.2041,-1.04,-1.313,
-0.6768,0.7768,1.834,1.548,-0.9462,
-0.7836,-0.2842,-0.5504,0.01768,-0.2312,
0.3478,-0.2856,-0.07631,0.3953,-1.294,
0.9019,0.7867,-0.6569,-0.2985,0.7038,
-0.8327,1.01,-0.2657,-2.564,0.3166,
-0.2867,-0.7909,-1.193,0.2099,-0.8541,
-0.5969,0.601,-0.9898,-0.1423,0.8435,
1.37,0.9247,0.07236,0.3689,0.7125,
-2.253,2.827,0.05583,0.3779,1.123,
0.7537,-1.136,0.635,1.194,-0.1335,
-0.7039,-1.816,0.6473,0.9532,0.2721,
-0.3028,0.2214,-1.275,-1.039,0.2751,
-1.03,-0.7952,0.6711,1.252,-0.753,
-1.149,-0.3412,-2.668,0.6717,-1.134,
0.4757,-0.1745,0.3331,-0.4169,0.01613,
2.886,-0.8374,-0.885,-0.217,-0.1972,
0.564,-0.1808,-0.6723,-0.9612,0.8491,
0.8525,-0.3482,-0.9577,-0.2715,-0.03121,
0.6628,-0.3286,-0.9183,1.093,-0.3443,
-0.01307,-0.6508,0.8311,-1.622,-1.204,
0.08563,0.08802,0.3429,-1.28,-1.238,
0.9525,-0.6702,0.9796,-0.5051,-2.653,
-0.9659,-0.7958,0.215,-0.6687,-1.338,
-0.3233,0.368,-0.0763,-1.21,1.397,
2.122,-0.0949,0.01201,-0.1798,-0.0361,
0.6674,-1.375,-0.7765,-0.03776,-0.5412,
-0.9676,0.06239,-0.798,1.704,-0.1714,
-1.166,0.9063,-0.9723,-0.7536,-1.204,
2.813,1.69,-0.7008,0.8061,-0.9261,
0.6234,-0.1914,0.6469,-1.002,-0.3778,
1.736,1.115,-1.704,-1.187,-0.4987,
-0.1086,1.299,-0.3285,-0.6604,0.1016,
-0.5624,0.09042,0.1793,0.9279,0.7008,
-2.016,0.4431,2.729,-0.7114,0.08314,
-0.984,-0.1467,0.6723,1.118,2.126,
0.1332,0.2595,0.3726,0.2002,0.536,
-1.942,0.3558,-0.5447,-0.9474,0.009815,
-0.2535,0.5187,0.6151,-0.5729,0.9921,
-0.9643,0.2046,-0.1754,0.404,-1.747,
1.078,0.8684,-1.223,-0.8098,-1.009,
-0.1225,-0.04954,0.2797,-0.5686,-0.0829,
0.9185,0.3162,-0.8319,-1.134,-1.486,
-0.5151,0.1223,-1.499,-0.5208,-0.5032,
-0.9941,0.6682,0.4657,0.3897,0.0698,
1.818,0.3072,-1.309,0.8173,-1.375,
-1.264,-2.285,2.551,0.3437,1.605,
0.4056,-0.7122,-1.061,-0.9186,-0.6599,
-0.6774,-0.1635,-0.002451,0.1739,0.2657,
-0.8858,0.02202,-0.4486,1.316,0.1634,
2.158,-0.682,-0.3645,1.129,1.008,
-0.07658,-0.5376,1.68,-0.6551,0.4794,
0.7514,-0.7872,1.285,-1.347,-0.3036,
-2.232,0.4732,0.7908,0.5283,-0.6816,
-2.2,0.03395,-0.8682,1.262,-1.217,
0.7551,0.6001,-1.282,0.5307,-0.6876,
1.376,0.4087,1.288,-0.3422,0.02527,
0.03986,-0.4673,-2.33,-0.5816,-0.2797,
0.4302,0.181,1.071,0.6477,-0.8621,
-0.1194,0.5291,-0.2401,0.01576,0.8643,
-0.5803,0.1772,-0.6354,0.8736,-0.8427,
1.717,-0.5482,5.83E-4,0.2196,-0.6062,
-0.3019,1.394,1.661,-0.6751,1.485,
-0.6668,0.6364,0.4961,0.3623,-0.08683,
-0.591,-1.282,-0.3799,-0.08393,-0.3539,
1.733,-0.1916,0.4499,-0.03275,1.082,
-0.9983,-0.05626,-0.8585,-1.312,-1.01,
0.9356,-0.3409,0.8323,-1.001,1.58,
2.293,-1.269,-0.09532,-0.1529,-0.5962,
-1.129,0.8237,-0.4342,2.136,0.3738,
0.7603,0.6198,1.283,-0.3079,0.001404,
-0.6997,-0.1196,0.01924,0.7673,0.4834,
-0.4587,2.105,-0.5014,-0.6578,-0.1695,
-1.091,0.09341,-0.129,-1.712,-0.4067,
0.3347,0.3284,-0.3844,1.098,-0.5981,
-0.5863,-0.3153,0.02198,-0.3175,-0.3103,
-0.4654,-0.9338,-0.1938,0.7131,0.9186,
-0.08299,-0.09055,-1.056,-0.93,-0.04231,
-0.1209,-1.194,1.172,-1.141,0.8137,
-1.62,-0.4441,-0.6195,0.8846,0.2868,
-0.6228,0.06751,0.5229,-0.0342,-1.628,
-0.5239,2.213,0.4715,-0.2795,1.544,
-0.3697,-0.437,2.578,0.1298,0.3767,
-0.2722,-0.1646,0.7624,-1.622,-1.622))
