list(
y = c(
0.9063,-0.245,0.7761,-0.6453,-2.537,
1.264,1.183,-1.004,0.1405,-0.1977,
0.2287,0.3696,-0.3959,0.09808,0.9019,
-2.228,0.2637,-0.9656,1.784,0.614,
-1.417,-0.9335,0.832,-2.297,-1.353,
0.3935,1.991,0.9411,1.117,-2.294,
0.4361,-0.7838,3.201,1.051,1.013,
0.3292,-0.3765,-0.01105,-1.593,-0.6264,
1.059,0.5833,-0.6379,0.6968,-0.744,
-1.42,0.2167,-1.714,1.205,-0.199,
0.2677,0.2571,0.6473,-3.645,0.448,
-0.2469,0.6401,-1.308,0.1661,1.335,
-0.6962,0.232,0.5397,0.6352,0.6186,
-3.286,-0.5469,-0.09997,-1.735,1.269,
-0.4986,-0.2038,1.54,1.114,0.5179,
-0.4109,-0.05077,0.3402,2.109,0.7128,
-2.03,0.5853,-0.3407,0.05299,-1.88,
0.8554,-0.273,0.9913,0.1412,-1.486,
-0.55,1.648,0.1612,-0.05696,1.488,
0.3726,0.003515,0.3823,-0.7589,0.7861,
-1.166,-0.5679,0.6193,-0.1855,-0.2479,
-1.052,0.422,-0.8747,0.9281,0.7807,
0.2516,0.5464,2.403,1.999,1.198,
-0.3887,-0.3273,0.4325,0.8528,1.532,
-0.8109,-0.222,0.7554,0.8922,-1.357,
0.3215,-0.2258,-2.841,-0.06457,0.765,
3.031,-0.9051,0.4937,0.2944,-1.097,
1.32,1.682,-1.387,0.8291,-0.9357,
-0.1191,0.3964,-0.8724,1.121,-1.045,
-0.7956,0.4195,1.716,0.2964,2.141,
1.164,-1.038,-0.06414,-0.1825,-0.6691,
-0.8599,0.7604,0.9047,0.6538,-0.2922,
-1.732,-0.1827,0.1935,-0.2081,2.589,
0.06986,1.98,-0.07357,0.8634,-0.2514,
-0.38,1.383,-1.444,-1.136,0.4577,
-0.1985,-1.587,0.7404,-2.402,1.236,
1.526,-0.06591,0.7203,-0.7051,1.4,
0.3366,-1.211,0.9177,-0.03251,-0.4686,
-0.08948,1.388,0.02235,0.1797,-0.1322,
0.5925,0.5762,0.4531,-0.1501,0.2044,
-0.8684,-1.209,2.085,1.404,-0.1966,
1.257,0.8122,-1.646,-0.1712,-0.03721,
-0.7945,-0.4578,-0.7453,0.8445,-1.004,
0.3977,0.09078,0.3512,-1.61,-0.8086,
0.6653,-0.8459,-0.3626,0.1181,0.3743,
-3.636,0.1679,-0.9668,-0.1599,-0.5988,
2.333,-0.3666,0.38,1.332,0.7873,
-0.2828,-0.7775,-0.2382,-1.148,-0.8141,
1.291,1.272,1.207,1.502,0.5324,
-1.93,1.133,-0.2586,0.7094,0.09951,
-0.8463,-1.903,1.293,-1.921,1.799,
-0.4075,0.407,-0.9023,-0.2767,-0.4482,
-0.7036,0.02121,0.401,-1.785,0.1726,
1.785,2.335,-1.498,-0.07062,-0.264,
0.6736,-0.889,0.3428,0.2446,2.412,
-1.083,2.606,-2.918,2.779,0.8003,
-0.5094,0.03917,-0.738,-0.1694,1.051,
-2.158,0.06882,-0.9408,0.6033,0.4716,
-0.8631,0.007839,0.2153,-0.8953,0.4605,
-0.4741,-0.6426,0.4105,0.529,-1.955,
0.4494,-1.222,0.7488,-1.985,1.632,
0.8287,0.01583,-0.7061,-1.14,0.6057,
-1.341,0.3894,0.06349,0.4238,-0.6552,
-0.4938,0.2544,-0.5694,1.725,-0.02149,
0.6674,-1.837,-0.4158,-0.02632,0.4219,
0.9627,-0.3751,0.4334,-0.2045,-2.013,
-0.3331,0.6345,-0.7728,-0.01385,0.1767,
0.7563,-0.01624,-0.4047,0.01625,0.1043,
0.2507,-1.057,-0.93,-2.66,-1.057,
1.413,-0.8392,0.5908,-0.447,-1.22,
0.4603,1.158,-1.47,-0.3176,1.052,
0.953,-0.04336,0.03628,0.8774,0.7687,
-1.028,-2.681,-0.7267,-0.08879,-0.006118,
-1.091,-0.6526,0.9152,-1.486,0.04149,
0.2219,-1.02,2.424,0.2045,0.6919,
0.8943,0.373,-0.244,-0.05622,-2.112,
-0.6271,-0.7738,-0.6809,1.172,-3.642,
3.608,-0.5805,1.466,1.045,-0.9268,
-0.1653,0.5311,-0.4884,-0.1086,-0.7306,
-0.7347,0.1329,-0.7964,-0.5162,-0.9917,
-0.4781,0.1417,1.026,-1.233,-0.2614,
-0.4191,1.261,-0.7192,1.027,-1.536,
-0.9536,-1.313,0.4388,-0.3134,1.573,
0.3977,-0.9904,1.699,-0.4739,1.339,
-0.447,0.2453,-0.5143,-0.8801,-0.4765,
-1.078,-0.4893,1.992,-0.8662,-1.675,
0.5717,-2.001,-0.2581,-0.4997,0.9111,
1.949,-1.09,-0.05496,-1.626,-0.6326,
0.2779,1.942,0.7011,-1.558,-0.5104,
0.1257,0.01011,-0.1545,0.7161,-0.859,
0.2675,-0.6472,-0.3786,-1.092,2.137,
0.1833,1.118,2.524,-1.596,-1.119,
1.822,-2.313,2.487,1.235,0.5494,
-0.8056,0.2587,-1.872,-1.274,0.2365,
-1.18,0.495,-0.3256,0.8056,-0.9354,
-1.567,0.1266,2.374,1.29,-0.5069,
0.7521,-0.3723,-0.287,-1.504,-0.9458,
0.8482,0.657,-0.5381,-0.1867,-2.596,
0.1301,-0.8577,-0.6259,-1.985,0.4873,
0.693,1.17,0.1959,-0.2451,-0.333,
0.993,1.584,-1.406,-0.8272,-0.2711,
-0.4214,0.3527,-2.913,-2.131,-2.791,
-0.9738,0.5119,2.183,-1.717,-1.166,
-1.328,0.3037,0.3684,-0.08873,-1.278,
-0.7951,0.308,0.7776,-1.703,-1.119,
-1.9,0.06874,-1.489,-0.4383,-0.5667,
0.388,-0.816,-0.476,-1.769,-1.639,
-0.4752,-0.5092,0.05976,-0.456,0.1105,
2.552,0.6906,-1.009,0.985,0.224,
-0.7826,0.8962,0.1579,-0.2699,-0.8839,
0.4266,1.565,0.5432,0.2568,0.9552,
0.6317,0.6026,-0.4244,0.338,-0.4323,
0.6169,-1.079,0.8656,2.986,0.505,
-1.671,1.833,0.6079,0.3067,-0.2895,
0.9724,-1.503,-1.031,-0.1975,0.6623,
-1.023,0.6679,-0.8249,-2.933,0.6852,
-0.2499,-0.2748,-0.8316,-1.386,2.15,
0.8858,1.018,0.3433,-0.02592,-1.128,
-0.04214,-1.571,0.1751,-0.8664,0.02065,
0.09881,-1.18,0.2723,-2.636,0.9867,
-0.731,-0.8413,-1.272,-0.1577,0.04304,
1.074,0.608,-0.7398,0.3249,0.6645,
0.5276,-0.2379,-0.03173,-0.7853,-0.3636,
0.3158,0.4686,-0.02159,-0.2355,-0.1724,
-0.05937,-0.6888,0.3016,-1.466,0.9309,
0.3464,-1.166,1.635,-0.6069,-1.273,
-2.055,-4.303,-0.05984,2.43,0.7206,
-0.6377,-0.3259,-0.1123,0.4114,-0.4333,
0.2076,-0.5905,-0.1432,-1.093,-0.3564,
-0.5587,1.32,0.05188,1.395,-2.506,
1.074,0.7844,1.77,-0.9637,-1.86,
-0.3443,-0.6086,1.675,-1.4,1.719,
0.3334,1.179,0.4849,1.488,1.492,
0.4214,-0.06317,-2.219,-0.6905,-0.9261,
-0.6277,0.7939,-0.2902,1.16,-1.135,
-1.299,-0.04316,-1.384,0.9926,-1.283,
1.353,0.08373,-0.2645,0.6625,-0.5153,
-0.9257,-1.14,-0.192,1.477,-0.7616,
-0.1369,1.817,0.05118,-0.5751,0.4114,
-0.1885,1.237,0.09353,-0.2407,-0.6656,
0.2472,-1.043,1.27,0.4718,0.3739,
1.167,0.2744,-0.4719,-0.4171,0.6269,
-1.812,-0.6091,0.4452,1.379,0.1447,
0.424,-1.144,0.117,2.35,-0.5306,
-0.8717,0.7574,-0.11,-1.256,1.547,
0.8893,-0.1817,0.4129,2.937,0.9994,
-0.5456,0.823,-1.209,1.087,-0.6364,
-0.0189,0.3119,0.831,0.9232,0.2302,
-1.213,0.02989,-0.9849,-0.107,0.3208,
-1.062,-2.031,0.1991,1.474,-0.3522,
-0.3243,1.098,0.4078,-0.8414,0.4634,
-0.7702,-0.8559,1.37,0.241,1.618,
-0.5717,-0.0704,-0.9056,-1.115,0.4363,
-1.398,1.719,0.05911,-0.8631,0.8766,
-0.1976,1.22,1.934,0.1847,-0.924,
-2.462,-1.604,-0.6736,-1.498,0.5835,
-0.1359,-0.5779,0.6558,-0.112,0.6095,
-0.06263,1.49,1.103,1.025,0.4803,
0.8162,0.7325,-0.8092,-0.6597,0.4935,
3.332,-0.9655,1.782,-1.461,-0.9224,
-0.4593,1.269,-0.7702,0.03367,1.233,
0.479,-0.9583,0.3658,0.5276,0.2203,
1.326,2.062,-0.638,-0.5877,-0.02183,
1.123,0.09571,-0.4731,1.39,0.2018,
-1.247,0.8925,0.5221,1.894,0.4439,
-0.5502,-1.663,0.2629,-1.152,0.346,
-0.3998,-1.25,0.03755,0.657,-0.6389,
0.05905,-1.061,0.4124,-0.8333,-1.031,
-1.731,2.865,-0.9873,-1.301,1.57,
-0.1126,-1.718,-0.6556,0.0821,-1.092,
-0.1402,0.4643,-0.6019,1.135,-0.6155,
-0.4858,-0.2266,-0.4513,-0.3575,-0.1098,
1.855,0.2732,1.176,-1.387,-0.6822,
1.336,-0.2545,-1.138,-0.3273,-0.9537,
-1.517,-0.7713,1.519,1.141,-1.209,
-0.6105,1.235,1.854,-1.961,0.2788,
1.705,0.8045,-0.8262,0.3539,1.563,
1.264,-0.3057,0.6434,1.012,1.644,
-0.5581,-2.208,-0.7868,0.9922,0.289,
-1.204,0.04843,0.2228,-2.065,0.2496,
1.343,0.3113,0.1316,-1.282,0.1769,
-0.3494,-0.9016,-0.1629,0.713,0.8381,
2.396,1.14,-0.8989,-1.698,-2.086,
-2.647,-0.5273,-0.7399,-2.704,-0.2969,
-0.3654,0.1075,-1.471,1.281,-0.1822,
-0.2754,0.2857,-0.5812,0.2839,-0.2127,
3.745,2.239,1.16,-1.295,-0.2325,
-0.4701,-3.525,0.6237,-0.5895,-1.823,
-0.05137,1.203,0.9531,0.1178,-0.24,
-0.336,0.04402,-0.3688,-0.1993,-0.4658,
0.8661,1.242,1.732,-0.6849,-0.5928,
-0.8968,1.126,0.356,0.6896,-1.203,
-0.03119,-0.8037,-0.2772,-0.9717,-0.592,
1.342,0.7651,-0.3245,1.799,0.4226,
-1.7,0.5976,-1.408,-0.5783,-0.5289,
-1.917,-1.366,-1.405,-1.545,-1.136,
0.7963,-0.4813,0.01012,0.7511,-1.05,
-0.004356,0.4468,0.8105,-0.1431,-0.4243,
0.9622,-1.486,-0.6457,0.06885,0.2368,
1.048,0.6417,-1.658,0.4778,1.267))
