list(
y = c(
-0.4064,-0.3694,0.618,0.3699,-2.254,
-0.7119,0.6107,0.2812,0.5147,-0.2496,
0.898,-0.5532,0.04465,0.1044,0.1608,
-1.606,0.02893,0.4708,1.326,0.5835,
-0.7747,-0.009672,1.044,-1.382,0.7032,
-0.3372,0.448,0.5232,1.726,0.9675,
-0.103,0.9736,0.8682,-1.321,0.6261,
-0.7064,0.4224,0.3166,0.1967,-0.3198,
-0.4831,0.8488,-0.8483,0.1296,1.197,
1.957,-0.8967,1.389,-1.185,-0.2852,
-0.8649,-0.3327,-0.02182,0.2492,-0.3748,
0.1055,9.959E-4,-0.629,1.276,1.951,
0.09248,2.326,-0.5425,-0.561,-1.138,
-1.47,-0.3005,0.5051,-0.5708,0.578,
0.3193,0.1471,-0.1947,-0.4086,-1.426,
0.1717,1.499,-1.211,-0.3737,-0.3516,
0.8855,0.3043,1.383,-2.336,1.153,
-0.2795,-7.997E-4,0.9544,-0.2805,0.1796,
0.2715,-1.739,-1.404,-1.358,-0.9017,
-1.388,1.001,1.038,-0.6354,0.8162,
0.5195,1.012,-0.0765,2.441,-1.341,
0.6857,1.577,2.645,1.862,0.2839,
-0.6948,-2.148,-2.755,0.2114,-0.4443,
0.2174,0.1603,-0.8651,0.007994,0.9685,
0.3406,0.09437,-0.2088,0.8052,0.1203,
0.6712,-0.9667,1.103,1.063,-1.62,
1.366,1.511,-1.428,-1.696,0.2413,
0.5183,0.2042,-1.429,0.02865,-0.4691,
0.2809,0.9015,-1.463,0.6694,-1.226,
0.8452,-0.7803,-0.6255,0.2852,0.3044,
0.7378,-0.1399,-1.316,0.1919,1.207,
-0.7761,-0.1941,1.211,1.004,0.4627,
1.492,0.3168,0.9688,-0.8123,1.467,
0.2607,1.934,-0.526,0.2578,-0.02749,
0.9786,-1.144,0.1219,0.9739,0.1695,
1.185,-0.8446,1.517,-0.9465,0.2848,
-1.254,1.015,-0.7925,-0.4254,0.73,
0.2673,-0.2886,0.9086,0.6191,-2.536,
-0.8149,-0.5161,1.269,0.1503,1.742,
-0.9512,-0.1739,-0.4603,-1.563,1.101,
-1.089,-1.148,0.6342,1.102,1.194,
-2.007,-0.8852,-1.535,-0.7747,1.717,
-1.113,0.8306,-1.5,1.306,0.9625,
1.063,0.4226,-0.3916,-0.1245,1.934,
1.478,0.6069,-0.5991,-0.2912,1.184,
0.3014,-0.9869,-1.934,-1.278,-0.3269,
-0.6444,-1.757,-0.2651,-2.04,0.2478,
0.04354,0.6798,1.589,3.062,0.02025,
-1.499,0.5071,0.8555,2.432,-0.2204,
-1.436,0.1292,-1.002,-0.8719,1.905,
0.2171,-0.3383,-0.602,0.1251,1.918,
0.7667,0.9813,1.283,-0.9532,1.582,
1.505,-0.5424,0.9169,0.8252,-0.01111,
0.01694,0.05631,0.4112,1.209,-0.2649,
-0.2454,-1.107,0.4945,-1.322,-0.1814,
-2.035,-2.008,0.9061,0.2012,0.2422,
0.619,-1.102,0.09534,-0.1121,0.5789,
1.946,-0.05764,0.901,0.05365,-0.25,
-1.069,-0.5688,1.015,1.219,0.6163,
0.483,-0.4011,1.303,0.00751,-0.4456,
1.1,0.9154,-1.757,1.021,-1.276,
-0.1107,-0.8059,-0.7311,1.16,-1.53,
1.793,0.1023,0.352,-0.3576,-2.274,
-0.3093,-1.907,-0.2511,-0.7434,-1.8,
-0.4391,0.1926,0.1809,0.03446,-1.199,
1.502,-1.192,2.039,-0.2076,0.3544,
0.5734,-1.628,-1.588,1.868,0.2977,
0.8803,1.128,-1.526,-1.371,0.8435,
-0.8981,0.6109,1.01,-0.6832,-1.585,
-1.397,-0.1314,0.3462,-0.744,-1.532,
-0.1428,0.2463,0.5893,1.164,0.8474,
-1.076,2.074,0.2142,-1.335,0.627,
1.937,-1.782,0.185,-0.459,0.7991,
0.7697,0.9569,0.9603,-1.284,-0.4152,
1.626,-0.7481,-1.068,1.665,-1.02,
-0.5172,1.674,0.6814,-0.1239,0.5961,
-1.288,-2.301,1.033,0.1561,-0.2811,
0.1065,-0.7401,0.1195,-0.6788,0.1507,
-0.6391,-0.2977,0.4273,0.627,-0.9957,
-0.0773,1.18,0.565,-1.581,-0.296,
0.02406,-0.08739,0.2385,1.419,0.8615,
-0.2721,0.8381,1.079,1.074,1.639,
-1.686,-0.07712,0.1652,1.037,0.4483,
0.1981,-3.133,0.4212,0.6502,-0.7088,
0.3841,-1.032,-0.9772,-0.3102,1.66,
0.1124,2.074,0.4391,-0.02355,0.2678,
-0.4081,0.07743,0.4913,1.044,0.04048,
0.2278,0.07211,0.1968,-0.3656,-1.122,
0.1883,1.06,-0.5413,-0.4971,-0.1385,
-0.8218,-0.107,-0.01428,0.2245,0.9611,
0.5407,0.6121,1.368,-1.285,-2.706,
1.19,-1.076,0.8663,0.3158,0.004798,
0.04819,-0.5009,1.154,-0.3691,-0.3347,
-0.6608,-0.5594,0.5301,0.4838,0.7715,
-0.2196,-1.279,0.0943,-0.4541,0.7167,
-0.203,0.7635,-0.2562,-0.8146,0.1831,
-0.5921,-0.05412,0.06772,0.2408,0.4723,
1.107,-0.2164,-0.5566,-1.001,-0.2397,
1.441,3.192,-1.04,0.1283,-0.03808,
0.1722,0.5117,1.299,0.6153,-1.53,
0.7014,0.8067,-0.05861,0.7351,1.074,
-1.85,-0.1544,0.6866,3.017,1.098,
1.348,0.7328,2.194,0.9725,-0.3191,
-2.165,0.5387,-0.7129,-0.5578,-0.2133,
1.289,-0.5055,-0.2018,-0.03047,1.552,
-1.167,-0.2914,0.09808,0.5538,1.108,
0.569,-0.5891,1.711,0.7901,-1.342,
0.9863,-1.041,-0.2049,1.001,0.985,
0.1141,-0.01759,-1.61,-0.01545,0.8548,
0.1976,0.726,-0.5262,0.5926,0.599,
-0.06752,0.2532,0.02902,1.3,-0.7506,
0.3747,-0.8722,0.9247,-0.1366,0.3025,
-0.6473,1.259,1.123,-0.1379,-0.8941,
-0.584,-1.566,-0.05793,-0.3607,-0.1497,
0.2691,0.4677,-0.4368,2.035,-1.434,
0.2383,-0.0409,0.2537,-0.575,0.8334,
-0.2598,0.3702,-0.488,0.2827,0.4105,
1.221,1.446,0.09748,1.401,-0.2169,
1.688,0.7001,0.5173,0.2702,0.4398,
-0.7222,0.2277,-0.2999,-1.64,0.3065,
0.7702,0.9813,0.5867,0.6517,-0.5658,
-1.435,0.03687,-0.8488,-0.233,0.04924,
0.00199,0.3949,-0.6369,0.2566,-0.6068,
-0.2903,-0.3437,-0.1054,-0.9828,1.165,
1.611,0.7723,1.217,-1.707,-0.3024,
0.5239,0.6507,-1.423,1.586,0.3304,
-3.106,1.079,1.959,0.9007,-2.748,
0.6386,-1.818,0.7892,-1.466,0.9752,
-0.9975,-2.129,-0.7726,1.443,0.2468,
-0.6348,3.048,-0.1116,0.101,0.1371,
2.077,0.1342,-1.618,1.347,-0.6792,
-0.3652,-2.066,1.086,1.079,-1.869,
-0.1199,-1.671,0.2264,0.2332,1.099,
-0.9028,-0.7728,-0.195,-0.7438,0.4498,
0.5301,1.252,-2.038,-0.2681,-0.5478,
-0.7962,0.3827,-0.08935,0.2797,-1.168,
-0.5208,1.264,1.203,0.3098,-1.671,
-0.05769,1.008,-1.126,0.3258,-1.179,
0.9065,0.7682,-2.093,-0.4801,-0.1997,
0.4405,0.5481,1.185,-0.535,1.214,
0.1215,-0.06698,-0.6907,0.5606,-1.557,
1.276,1.033,2.176,-1.029,-0.5239,
0.6615,-1.103,-2.477,2.152,0.1672,
-0.1103,-0.6449,-1.169,0.3194,1.29,
-0.5147,0.3136,0.6898,1.255,-0.322,
1.431,0.9355,1.147,-0.9315,0.3508,
1.411,-0.623,0.9142,0.2753,0.0109,
1.424,-1.51,-0.4122,1.12,0.7864,
0.09493,0.1987,0.6794,0.5242,-0.3716,
-1.31,2.61,0.5961,-0.5272,-1.222,
-0.961,0.06587,0.3099,-0.02217,0.4784,
1.039,1.27,0.06468,-0.8471,-0.4207,
0.8429,0.4699,1.105,-0.04158,0.6035,
-0.5313,-0.4534,0.2912,0.6388,1.423,
0.1043,-0.7908,-1.64,0.6641,0.3109,
0.1964,1.672,-0.6163,0.6954,-2.086,
-0.2292,-1.669,0.2801,-0.569,-1.459,
1.287,-0.6379,1.615,2.513,-0.7647,
-0.4212,-2.004,-0.8857,-0.136,-1.074,
0.297,0.3571,1.099,-0.1731,0.9824,
-1.153,2.01,0.179,0.3096,0.5298,
0.6983,-1.065,-0.275,-1.914,0.6116,
0.6708,-0.7081,0.7816,-0.1339,-0.5954,
-0.0273,-1.636,-1.853,-1.849,-0.2947,
-1.215,-0.9508,-0.6245,-0.2275,-1.888,
-0.6789,1.674,-0.9371,-1.011,-0.03473,
-1.074,-0.0762,-1.613,-0.8091,-0.5335,
0.7832,-0.3065,1.13,1.396,-0.6875,
2.003,0.6681,-1.403,1.082,-1.179,
0.02248,0.619,1.016,-0.01981,-0.6003,
-1.893,1.429,-0.3188,0.4355,1.437,
-1.636,0.8272,-1.674,-0.5563,0.8275,
-0.2129,0.1586,2.56,0.3237,1.548,
0.291,-0.4044,-2.276,0.4091,0.4798,
-0.1676,-2.897,0.669,0.793,0.8247,
-1.033,-0.6131,-0.449,-0.9702,1.463,
0.1594,0.9102,1.191,0.039,0.2136,
-0.2632,-0.251,0.4897,1.32,1.749,
-0.3786,-0.2517,0.6441,-0.379,-1.927,
1.948,-1.148,0.1855,-0.3355,0.5744,
-0.5946,-1.332,-0.1469,1.353,-0.3428,
-0.3993,1.643,-0.5903,1.613,-0.8873,
0.1537,0.5351,0.8898,-1.676,-0.3532,
-0.1407,-1.775,0.763,1.068,-0.137,
-0.6812,0.03573,-0.6134,1.755,-0.2736,
0.6497,-2.295,-1.46,0.6942,-0.5216,
-0.344,-0.2236,1.661,-1.316,0.8453,
0.6211,-1.238,-2.189,-0.6416,0.4029,
1.148,-1.238,1.178,2.57,-0.2919,
-0.1574,-0.6448,-0.02832,-1.03,-0.02669,
-0.5872,0.2321,-0.4248,-1.324,-0.6525,
-0.4807,1.662,0.4561,-0.1868,-2.398,
0.6272,-2.001,0.4091,0.6122,-0.841,
1.423,-1.685,0.9854,-0.05734,-1.69,
-0.6401,-1.44,-0.4247,0.8051,0.3445,
-0.09889,0.2942,0.06252,0.05382,-0.5737,
-1.666,0.2928,-0.9844,-1.023,-0.05047,
-1.646,0.006696,-1.8,-0.3604,-0.4086,
-1.436,-0.2034,-1.121,2.162,-0.8112,
-0.2779,-0.8317,-1.481,1.058,-0.4777))
